0 0
1 1
2 1
3 0
4 0
5 1
6 1
7 0
8 0
9 1
10 0
11 1
12 0
13 0
14 0
15 1
16 1
17 0
18 1
19 1
20 1
21 1
22 0
23 1
24 0
25 1
26 1
27 0
28 1
29 1
30 0
31 0
32 0
33 1
34 0
35 0
36 1
37 1
38 0
39 0
40 0
41 1
42 1
43 0
44 1
45 1
46 0
47 1
48 0
49 1
50 1
51 1
52 0
53 1
54 0
55 0
56 1
57 0
58 0
59 1
60 0
61 0
62 1
63 1
64 0
65 1
66 0
67 0
68 1
69 1
70 1
71 1
72 0
73 0
74 0
75 1
76 0
77 0
78 1
79 1
80 1
81 1
82 0
83 1
84 0
85 1
86 1
87 1
88 0
89 0
90 1
91 1
92 1
93 1
94 0
95 1
96 1
97 0
98 0
99 0
100 1
101 1
102 0
103 0
104 1
105 1
106 0
107 0
108 1
109 1
110 1
111 1
112 0
113 1
114 0
115 0
116 0
117 1
118 1
119 0
120 1
121 1
122 0
123 0
124 0
125 1
126 0
127 1
128 1
129 1
130 1
131 1
132 1
133 1
134 0
135 1
136 1
137 1
138 1
139 0
140 0
141 1
142 0
143 0
144 1
145 0
146 1
147 1
148 0
149 1
150 1
151 1
152 1
153 0
154 0
155 1
156 1
157 1
158 1
159 1
160 1
161 1
162 1
163 1
164 1
165 0
166 1
167 0
168 1
169 1
170 0
171 0
172 0
173 0
174 1
175 1
176 1
177 0
178 0
179 1
180 1
181 0
182 0
183 0
184 1
185 1
186 1
187 0
188 0
189 1
190 1
191 0
192 0
193 0
194 0
195 1
196 1
197 1
198 0
199 1
200 0
201 1
202 1
203 0
204 1
205 0
206 0
207 1
208 1
209 1
210 1
211 1
212 1
213 1
214 1
215 1
216 1
217 0
218 1
219 1
220 1
221 0
222 0
223 1
224 1
225 0
226 0
227 1
228 0
229 0
230 0
231 1
232 1
233 0
234 0
235 1
236 1
237 1
238 0
239 1
240 0
241 0
242 0
243 0
244 0
245 1
246 1
247 1
248 0
249 1
250 0
251 1
252 0
253 1
254 1
255 1
256 1
257 1
258 0
259 1
260 1
261 0
262 1
263 0
264 0
265 1
266 0
267 1
268 1
269 0
270 0
271 1
272 0
273 1
274 1
275 1
276 1
277 0
278 1
279 0
280 1
281 1
282 0
283 0
284 1
285 0
286 0
287 0
288 0
289 0
290 0
291 1
292 1
293 1
294 1
295 1
296 0
297 1
298 1
299 1
300 1
301 1
302 1
303 1
304 0
305 0
306 0
307 1
308 0
309 0
310 1
311 1
312 0
313 0
314 1
315 0
316 1
317 1
318 0
319 0
320 0
321 1
322 0
323 1
324 0
325 0
326 0
327 1
328 1
329 0
